<?xml version="1.0" encoding="UTF-8" standalone="no" ?>
<COLLADA xmlns="http://www.collada.org/2005/11/COLLADASchema" version="1.4.1">
    <asset>
        <contributor>
            <authoring_tool>SketchUp 14.1.1283</authoring_tool>
        </contributor>
        <created>2014-07-31T01:28:34Z</created>
        <modified>2014-07-31T01:28:34Z</modified>
        <unit meter="0.0254000" name="inch" />
        <up_axis>Z_UP</up_axis>
    </asset>
    <library_visual_scenes>
        <visual_scene id="ID1">
            <node name="SketchUp">
                <node id="ID2" name="instance_0">
                    <matrix>1.0000000 0.0000000 0.0000000 31.4522242 0.0000000 1.0000000 0.0000000 62.6034796 0.0000000 0.0000000 1.0000000 -0.0000000 0.0000000 0.0000000 0.0000000 1.0000000</matrix>
                    <instance_node url="#ID3" />
                </node>
            </node>
        </visual_scene>
    </library_visual_scenes>
    <library_nodes>
        <node id="ID3" name="Pine_tree_3">
            <node id="ID4" name="instance_1">
                <matrix>1.0000000 0.0000000 0.0000000 17.9291719 0.0000000 1.0000000 0.0000000 0.0000000 0.0000000 0.0000000 1.0000000 0.1234349 0.0000000 0.0000000 0.0000000 1.0000000</matrix>
                <instance_node url="#ID5" />
            </node>
        </node>
        <node id="ID5" name="i_m_fine_">
            <node id="ID6" name="instance_2">
                <matrix>-0.0438927 0.9187329 0.0290539 41.7723109 -0.8563047 -0.0481869 0.4816150 89.5723202 0.3334902 -0.0028096 1.2404692 30.4020573 0.0000000 0.0000000 0.0000000 1.0000000</matrix>
                <instance_node url="#ID7" />
            </node>
            <node id="ID92" name="instance_43">
                <matrix>-0.4489636 -0.7847658 0.2462622 144.8258263 0.7110800 -0.4791362 -0.4824258 138.4818671 0.3730912 -0.0311642 1.2158048 55.5938287 0.0000000 0.0000000 0.0000000 1.0000000</matrix>
                <instance_node url="#ID7" />
            </node>
            <node id="ID93" name="instance_44">
                <matrix>0.6074802 -0.6151188 -0.4551982 150.4690313 0.5511142 0.6840796 -0.3954346 63.7818644 0.4167025 -0.0079996 1.1865863 30.0824687 0.0000000 0.0000000 0.0000000 1.0000000</matrix>
                <instance_node url="#ID7" />
            </node>
            <node id="ID94" name="instance_45">
                <matrix>0.9781476 0.0000000 -0.2079117 104.0890117 -0.0000000 1.0000000 -0.0000000 36.2718483 0.2079117 0.0000000 0.9781476 18.6049126 0.0000000 0.0000000 0.0000000 1.0000000</matrix>
                <instance_node url="#ID7" />
            </node>
            <node id="ID95" name="instance_46">
                <matrix>-0.5330904 0.8660254 0.1039558 42.5706903 -0.9233397 -0.5000000 0.1800568 127.0746351 0.2266237 -0.0000000 0.9781476 2.5710545 0.0000000 0.0000000 0.0000000 1.0000000</matrix>
                <instance_node url="#ID7" />
            </node>
            <node id="ID96" name="instance_47">
                <matrix>0.7257096 -0.2169063 -0.6529144 113.3602562 0.5402984 0.7671984 0.3456649 48.6921478 0.4259380 -0.6036210 0.6739574 188.1525867 0.0000000 0.0000000 0.0000000 1.0000000</matrix>
                <instance_node url="#ID97" />
            </node>
            <node id="ID101" name="instance_51">
                <matrix>-0.9204538 -0.4189245 0.2906789 122.1271203 0.4169684 -0.9077982 -0.1550612 129.8334053 0.3518553 -0.0201147 0.9441726 105.5702726 0.0000000 0.0000000 0.0000000 1.0000000</matrix>
                <instance_node url="#ID102" />
            </node>
            <node id="ID107" name="instance_56">
                <matrix>-0.8395081 0.7201889 0.1515532 78.8094584 -0.8808008 -0.6933128 0.1214839 128.2937747 0.2387807 -0.0254044 0.9809553 92.2544098 0.0000000 0.0000000 0.0000000 1.0000000</matrix>
                <instance_node url="#ID102" />
            </node>
            <node id="ID108" name="instance_57">
                <matrix>1.0000000 0.0000000 0.0000000 94.7884102 0.0000000 1.0000000 0.0000000 94.6253181 0.0000000 0.0000000 1.0000000 0.0000000 0.0000000 0.0000000 0.0000000 1.0000000</matrix>
                <instance_node url="#ID109" />
            </node>
            <node id="ID118" name="instance_58">
                <matrix>-0.1525384 0.9784283 -0.1393201 97.9866404 -0.9846354 -0.1383310 0.1065727 113.5406963 0.0850014 0.1534359 0.9844959 126.5596951 0.0000000 0.0000000 0.0000000 1.0000000</matrix>
                <instance_node url="#ID119" />
            </node>
            <node id="ID124" name="instance_63">
                <matrix>-0.9402817 -0.5000000 0.1998631 126.4243836 0.5428719 -0.8660254 -0.1153910 154.7430017 0.2307820 -0.0000000 1.0857438 11.4896905 0.0000000 0.0000000 0.0000000 1.0000000</matrix>
                <instance_node url="#ID7" />
            </node>
            <node id="ID125" name="instance_64">
                <matrix>-0.8614061 -0.4832952 0.1562222 121.3042628 0.4992808 -0.8621895 0.0857208 94.4509993 0.0932647 0.1518392 0.9839952 138.6342709 0.0000000 0.0000000 0.0000000 1.0000000</matrix>
                <instance_node url="#ID119" />
            </node>
            <node id="ID126" name="instance_65">
                <matrix>0.7233097 0.4639917 -0.4753033 82.8907986 -0.4345894 0.7940063 0.2381021 42.2453931 0.3665449 0.0258003 1.2202275 39.2354320 0.0000000 0.0000000 0.0000000 1.0000000</matrix>
                <instance_node url="#ID7" />
            </node>
            <node id="ID127" name="instance_66">
                <matrix>0.4572792 0.8868109 -0.0667993 63.9527686 -0.8682249 0.4614337 0.1823857 84.0243088 0.1925651 -0.0254044 0.9809553 101.5415051 0.0000000 0.0000000 0.0000000 1.0000000</matrix>
                <instance_node url="#ID102" />
            </node>
            <node id="ID128" name="instance_67">
                <matrix>0.5281997 0.8660254 -0.1039558 47.5659328 -0.9148687 0.5000000 0.1800568 62.6618655 0.2245446 -0.0000000 0.9781476 9.8976511 0.0000000 0.0000000 0.0000000 1.0000000</matrix>
                <instance_node url="#ID7" />
            </node>
            <node id="ID129" name="instance_68">
                <matrix>0.4026413 -0.9095900 -0.1025961 134.9519613 0.8948735 0.4147296 -0.1649265 75.2103366 0.1925651 -0.0254044 0.9809553 114.0493791 0.0000000 0.0000000 0.0000000 1.0000000</matrix>
                <instance_node url="#ID102" />
            </node>
            <node id="ID130" name="instance_69">
                <matrix>-0.1615578 0.9587759 -0.2337689 99.3954506 -0.9764796 -0.1210356 0.1784321 112.4240492 0.1427820 0.2570977 0.9557793 143.3493542 0.0000000 0.0000000 0.0000000 1.0000000</matrix>
                <instance_node url="#ID119" />
            </node>
            <node id="ID131" name="instance_70">
                <matrix>0.2624494 -0.9504356 0.1667110 105.4289134 0.9646618 0.2542359 -0.0692222 76.2107932 0.0234073 0.1789871 0.9835729 147.1168898 0.0000000 0.0000000 0.0000000 1.0000000</matrix>
                <instance_node url="#ID119" />
            </node>
            <node id="ID132" name="instance_71">
                <matrix>0.2787250 -0.9639395 -0.0813388 161.5395500 0.9704700 0.2647605 -0.3892875 92.2164057 0.4364634 0.0268794 0.9175180 -4.8972611 0.0000000 0.0000000 0.0000000 1.0000000</matrix>
                <instance_node url="#ID7" />
            </node>
            <node id="ID133" name="instance_72">
                <matrix>-0.8614061 -0.4832952 0.1562222 120.9765384 0.4992808 -0.8621895 0.0857208 94.4089888 0.0932647 0.1518392 0.9839952 123.7549858 0.0000000 0.0000000 0.0000000 1.0000000</matrix>
                <instance_node url="#ID119" />
            </node>
            <node id="ID134" name="instance_73">
                <matrix>-0.4319757 -0.3987491 0.8612058 111.7362573 0.1878284 -0.9170601 -0.3744630 142.2255472 1.2871883 -0.0000000 0.3436597 155.5257410 0.0000000 0.0000000 0.0000000 1.0000000</matrix>
                <instance_node url="#ID97" />
            </node>
            <node id="ID135" name="instance_74">
                <matrix>0.9873183 -0.0034126 -0.1587164 86.4634550 -0.0294174 0.9785215 -0.2040349 88.9294865 0.1560038 0.2061164 0.9660118 127.2218727 0.0000000 0.0000000 0.0000000 1.0000000</matrix>
                <instance_node url="#ID119" />
            </node>
            <node id="ID136" name="instance_75">
                <matrix>-0.7473002 0.6517997 0.1292269 78.4527574 -0.2972507 -0.5018465 0.8122758 110.6179163 0.5942932 0.5686011 0.5687780 131.3530082 0.0000000 0.0000000 0.0000000 1.0000000</matrix>
                <instance_node url="#ID97" />
            </node>
            <node id="ID137" name="instance_76">
                <matrix>0.7281524 -0.6772481 -0.1054945 123.1084114 0.6829568 0.7038709 0.1952837 62.6019426 -0.0580010 -0.2142445 0.9750565 102.3640397 0.0000000 0.0000000 0.0000000 1.0000000</matrix>
                <instance_node url="#ID102" />
            </node>
            <node id="ID138" name="instance_77">
                <matrix>-0.8658603 0.1664444 0.3799780 82.4153189 -0.1662923 -0.9045012 0.0361531 153.8456472 0.2627409 -0.0239549 1.2750963 27.8456430 0.0000000 0.0000000 0.0000000 1.0000000</matrix>
                <instance_node url="#ID7" />
            </node>
            <node id="ID139" name="instance_78">
                <matrix>0.9898771 -0.0066512 -0.1417711 94.9075677 0.0091310 0.9998164 0.0168480 58.6100407 0.1416330 -0.0179719 0.9897561 84.8976460 0.0000000 0.0000000 0.0000000 1.0000000</matrix>
                <instance_node url="#ID102" />
            </node>
        </node>
        <node id="ID7" name="Component_9">
            <node id="ID8" name="instance_3">
                <matrix>0.7071068 0.7071068 0.0000000 31.8168574 -0.7071068 0.7071068 0.0000000 51.0065376 -0.0000000 -0.0000000 1.0000000 10.8700787 0.0000000 0.0000000 0.0000000 1.0000000</matrix>
                <instance_node url="#ID9" />
            </node>
            <node id="ID58" name="instance_19">
                <matrix>0.9781476 0.0000000 0.2079117 53.7804643 -0.0000000 1.0000000 0.0000000 48.4884567 -0.2079117 -0.0000000 0.9781476 11.3612232 0.0000000 0.0000000 0.0000000 1.0000000</matrix>
                <instance_node url="#ID9" />
            </node>
            <node id="ID59" name="instance_20">
                <matrix>0.7815205 -0.6238796 0.0000000 56.6506965 0.6238796 0.7815205 0.0000000 52.6180728 -0.0000000 0.0000000 1.0000000 10.8700787 0.0000000 0.0000000 0.0000000 1.0000000</matrix>
                <instance_node url="#ID9" />
            </node>
            <node id="ID60" name="instance_21">
                <matrix>0.6101452 -0.7922896 0.0000000 43.6282855 0.7922896 0.6101452 0.0000000 46.9969551 -0.0000000 0.0000000 1.0000000 -0.0000000 0.0000000 0.0000000 0.0000000 1.0000000</matrix>
                <instance_node url="#ID61" />
            </node>
            <node id="ID81" name="instance_41">
                <matrix>0.0000000 0.0000000 1.0000000 3.9155562 -0.0000000 1.0000000 -0.0000000 61.1214579 -1.0000000 -0.0000000 0.0000000 27.3032383 0.0000000 0.0000000 0.0000000 1.0000000</matrix>
                <instance_node url="#ID82" />
            </node>
            <node id="ID91" name="instance_42">
                <matrix>0.3810704 0.9245460 0.0000000 -8.4148373 -0.9245460 0.3810704 0.0000000 52.0548473 -0.0000000 -0.0000000 1.0000000 0.0000000 0.0000000 0.0000000 0.0000000 1.0000000</matrix>
                <instance_node url="#ID61" />
            </node>
        </node>
        <node id="ID9" name="Component_5">
            <node id="ID10" name="instance_4">
                <matrix>0.0000000 -0.5060053 0.3582717 7.4621316 0.0000000 0.3582717 0.5060053 10.9497924 -0.6200000 -0.0000000 0.0000000 20.3833892 0.0000000 0.0000000 0.0000000 1.0000000</matrix>
                <instance_node url="#ID11" />
            </node>
            <node id="ID37" name="instance_9">
                <matrix>0.2054805 0.1833390 0.5554859 16.9374462 -0.0636068 0.5922726 -0.1719516 9.5148692 -0.5814911 0.0000000 0.2151001 21.1121497 0.0000000 0.0000000 0.0000000 1.0000000</matrix>
                <instance_node url="#ID11" />
            </node>
            <node id="ID38" name="instance_10">
                <matrix>0.0000000 -0.2402597 0.5715552 25.5611632 0.0000000 0.5715552 0.2402597 9.4778274 -0.6200000 -0.0000000 0.0000000 20.3833892 0.0000000 0.0000000 0.0000000 1.0000000</matrix>
                <instance_node url="#ID11" />
            </node>
            <node id="ID39" name="instance_11">
                <matrix>-0.1604678 -0.0000000 0.5988740 32.2159648 -0.0000000 0.6200000 0.0000000 9.0633497 -0.5988740 -0.0000000 -0.1604678 20.0552292 0.0000000 0.0000000 0.0000000 1.0000000</matrix>
                <instance_node url="#ID11" />
            </node>
            <node id="ID40" name="instance_12">
                <matrix>0.0000000 0.5369358 0.3100000 -0.7063323 -0.0000000 0.3100000 -0.5369358 11.2684807 -0.6200000 0.0000000 0.0000000 20.3833892 0.0000000 0.0000000 0.0000000 1.0000000</matrix>
                <instance_node url="#ID11" />
            </node>
            <node id="ID41" name="instance_13">
                <matrix>0.3406624 -0.2891597 0.4298090 9.5241463 0.1796109 0.5484402 0.2266126 7.4100120 -0.4858899 0.0000000 0.3851116 19.4406402 0.0000000 0.0000000 0.0000000 1.0000000</matrix>
                <instance_node url="#ID11" />
            </node>
            <node id="ID42" name="instance_14">
                <matrix>-0.3876505 -0.0000000 0.4838668 17.0385931 -0.0000000 0.6200000 0.0000000 8.7528657 -0.4838668 -0.0000000 -0.3876505 19.3386694 0.0000000 0.0000000 0.0000000 1.0000000</matrix>
                <instance_node url="#ID11" />
            </node>
            <node id="ID43" name="instance_15">
                <matrix>0.0000000 0.4124428 0.4629157 8.6292188 -0.0000000 0.4629157 -0.4124428 10.5861093 -0.6200000 0.0000000 0.0000000 20.3833892 0.0000000 0.0000000 0.0000000 1.0000000</matrix>
                <instance_node url="#ID11" />
            </node>
            <node id="ID44" name="instance_16">
                <matrix>-0.5084942 -0.0000000 0.3547304 5.5867993 -0.0000000 0.6200000 0.0000000 8.7528657 -0.3547304 -0.0000000 -0.5084942 18.2258689 0.0000000 0.0000000 0.0000000 1.0000000</matrix>
                <instance_node url="#ID11" />
            </node>
            <node id="ID45" name="instance_17">
                <matrix>1.0700000 -0.0000000 -0.0000000 -1.7854591 0.0000000 0.8397107 0.6197790 12.9872930 0.0000000 -0.6631636 0.7847764 15.7699700 0.0000000 0.0000000 0.0000000 1.0000000</matrix>
                <instance_node url="#ID46" />
            </node>
            <node id="ID57" name="instance_18">
                <matrix>0.0000000 -0.4148610 0.4607498 18.3452364 0.0000000 0.4607498 0.4148610 9.9900318 -0.6200000 -0.0000000 0.0000000 20.3833892 0.0000000 0.0000000 0.0000000 1.0000000</matrix>
                <instance_node url="#ID11" />
            </node>
        </node>
        <node id="ID11" name="Component_3">
            <node id="ID12" name="instance_5">
                <matrix>0.8038569 -0.5948228 0.0000000 7.3899989 0.5948228 0.8038569 -0.0000000 6.7187519 0.0000000 0.0000000 1.0000000 0.7880289 0.0000000 0.0000000 0.0000000 1.0000000</matrix>
                <instance_node url="#ID13" />
            </node>
            <node id="ID24" name="instance_6">
                <matrix>1.0000000 0.0000000 0.0000000 1.8045017 0.0000000 1.0000000 0.0000000 0.7590100 0.0000000 0.0000000 1.0000000 0.0000000 0.0000000 0.0000000 0.0000000 1.0000000</matrix>
                <instance_node url="#ID25" />
            </node>
        </node>
        <node id="ID13" name="Component_2">
            <instance_geometry url="#ID14">
                <bind_material>
                    <technique_common>
                        <instance_material symbol="Material2" target="#ID15">
                            <bind_vertex_input semantic="UVSET0" input_semantic="TEXCOORD" input_set="0" />
                        </instance_material>
                    </technique_common>
                </bind_material>
            </instance_geometry>
        </node>
        <node id="ID25" name="Component_14">
            <node id="ID26" name="instance_7">
                <matrix>0.7782431 0.6279631 0.0000000 0.0000000 -0.6279631 0.7782431 0.0000000 9.3001371 0.0000000 -0.0000000 1.0000000 0.0000000 0.0000000 0.0000000 0.0000000 1.0000000</matrix>
                <instance_node url="#ID27" />
            </node>
            <node id="ID36" name="instance_8">
                <matrix>0.8241262 -0.5664062 0.0000000 0.2127587 0.5664062 0.8241262 0.0000000 0.4871256 -0.0000000 0.0000000 1.0000000 0.0000000 0.0000000 0.0000000 0.0000000 1.0000000</matrix>
                <instance_node url="#ID27" />
            </node>
        </node>
        <node id="ID27" name="Component_13">
            <instance_geometry url="#ID28">
                <bind_material>
                    <technique_common>
                        <instance_material symbol="Material2" target="#ID15">
                            <bind_vertex_input semantic="UVSET0" input_semantic="TEXCOORD" input_set="0" />
                        </instance_material>
                    </technique_common>
                </bind_material>
            </instance_geometry>
        </node>
        <node id="ID46" name="Component_6">
            <instance_geometry url="#ID47">
                <bind_material>
                    <technique_common>
                        <instance_material symbol="Material2" target="#ID48">
                            <bind_vertex_input semantic="UVSET0" input_semantic="TEXCOORD" input_set="0" />
                        </instance_material>
                    </technique_common>
                </bind_material>
            </instance_geometry>
        </node>
        <node id="ID61" name="Component_8">
            <node id="ID62" name="instance_22">
                <matrix>0.3406624 -0.2891597 0.4298090 16.5478731 0.1796109 0.5484402 0.2266126 21.4685580 -0.4858899 0.0000000 0.3851116 30.3107189 0.0000000 0.0000000 0.0000000 1.0000000</matrix>
                <instance_node url="#ID11" />
            </node>
            <node id="ID63" name="instance_23">
                <matrix>-0.5084942 -0.0000000 0.3547304 23.9530458 -0.0000000 0.6200000 0.0000000 22.8114117 -0.3547304 -0.0000000 -0.5084942 29.0959476 0.0000000 0.0000000 0.0000000 1.0000000</matrix>
                <instance_node url="#ID11" />
            </node>
            <node id="ID64" name="instance_24">
                <matrix>-0.1604678 -0.0000000 0.5988740 50.5822113 -0.0000000 0.6200000 0.0000000 23.1218958 -0.5988740 0.0000000 -0.1604678 30.9253080 0.0000000 0.0000000 0.0000000 1.0000000</matrix>
                <instance_node url="#ID11" />
            </node>
            <node id="ID65" name="instance_25">
                <matrix>0.3406624 -0.2891597 0.4298090 24.7368495 0.1796109 0.5484402 0.2266126 25.5945423 -0.4858899 0.0000000 0.3851116 37.4603252 0.0000000 0.0000000 0.0000000 1.0000000</matrix>
                <instance_node url="#ID11" />
            </node>
            <node id="ID66" name="instance_26">
                <matrix>0.0000000 0.4124428 0.4629157 26.9954652 -0.0000000 0.4629157 -0.4124428 24.6446554 -0.6200000 0.0000000 0.0000000 31.2534679 0.0000000 0.0000000 0.0000000 1.0000000</matrix>
                <instance_node url="#ID11" />
            </node>
            <node id="ID67" name="instance_27">
                <matrix>0.0000000 -0.4148610 0.4607498 36.7114829 0.0000000 0.4607498 0.4148610 24.0485779 -0.6200000 -0.0000000 0.0000000 31.2534679 0.0000000 0.0000000 0.0000000 1.0000000</matrix>
                <instance_node url="#ID11" />
            </node>
            <node id="ID68" name="instance_28">
                <matrix>0.0000000 -0.5060053 0.3582717 12.7535749 0.0000000 0.3582717 0.5060053 25.0083384 -0.6200000 -0.0000000 0.0000000 31.2534679 0.0000000 0.0000000 0.0000000 1.0000000</matrix>
                <instance_node url="#ID11" />
            </node>
            <node id="ID69" name="instance_29">
                <matrix>0.0000000 -0.5060053 0.3582717 25.2220789 0.0000000 0.3582717 0.5060053 25.0083384 -0.6200000 -0.0000000 0.0000000 31.2534679 0.0000000 0.0000000 0.0000000 1.0000000</matrix>
                <instance_node url="#ID11" />
            </node>
            <node id="ID70" name="instance_30">
                <matrix>1.6050000 0.0000000 0.0000000 -0.0000000 0.0000000 1.2595661 0.6197790 26.6491254 -0.0000000 -0.9947453 0.7847764 26.9533543 0.0000000 0.0000000 0.0000000 1.0000000</matrix>
                <instance_node url="#ID46" />
            </node>
            <node id="ID71" name="instance_31">
                <matrix>0.0000000 -0.5060053 0.3582717 18.5724726 0.0000000 0.3582717 0.5060053 32.5988896 -0.6200000 -0.0000000 0.0000000 31.2534679 0.0000000 0.0000000 0.0000000 1.0000000</matrix>
                <instance_node url="#ID11" />
            </node>
            <node id="ID72" name="instance_32">
                <matrix>0.2054805 0.1833390 0.5554859 35.3036927 -0.0636068 0.5922726 -0.1719516 23.5734153 -0.5814911 0.0000000 0.2151001 31.9822285 0.0000000 0.0000000 0.0000000 1.0000000</matrix>
                <instance_node url="#ID11" />
            </node>
            <node id="ID73" name="instance_33">
                <matrix>0.0000000 0.5369358 0.3100000 6.2425913 -0.0000000 0.3100000 -0.5369358 25.3270268 -0.6200000 0.0000000 0.0000000 31.2534679 0.0000000 0.0000000 0.0000000 1.0000000</matrix>
                <instance_node url="#ID11" />
            </node>
            <node id="ID74" name="instance_34">
                <matrix>0.0000000 0.5369358 0.3100000 17.6599142 -0.0000000 0.3100000 -0.5369358 25.3270268 -0.6200000 0.0000000 0.0000000 31.2534679 0.0000000 0.0000000 0.0000000 1.0000000</matrix>
                <instance_node url="#ID11" />
            </node>
            <node id="ID75" name="instance_35">
                <matrix>0.0000000 0.5369358 0.3100000 12.3685756 -0.0000000 0.3100000 -0.5369358 14.3624598 -0.6200000 0.0000000 0.0000000 31.2534679 0.0000000 0.0000000 0.0000000 1.0000000</matrix>
                <instance_node url="#ID11" />
            </node>
            <node id="ID76" name="instance_36">
                <matrix>0.0000000 -0.2402597 0.5715552 43.9274097 0.0000000 0.5715552 0.2402597 23.5363735 -0.6200000 -0.0000000 0.0000000 31.2534679 0.0000000 0.0000000 0.0000000 1.0000000</matrix>
                <instance_node url="#ID11" />
            </node>
            <node id="ID77" name="instance_37">
                <matrix>-0.3876505 -0.0000000 0.4838668 35.4048396 -0.0000000 0.6200000 0.0000000 22.8114117 -0.4838668 0.0000000 -0.3876505 30.2087481 0.0000000 0.0000000 0.0000000 1.0000000</matrix>
                <instance_node url="#ID11" />
            </node>
            <node id="ID78" name="instance_38">
                <matrix>0.3406624 -0.2891597 0.4298090 27.8903928 0.1796109 0.5484402 0.2266126 21.4685580 -0.4858899 0.0000000 0.3851116 30.3107189 0.0000000 0.0000000 0.0000000 1.0000000</matrix>
                <instance_node url="#ID11" />
            </node>
            <node id="ID79" name="instance_39">
                <matrix>-0.5084942 -0.0000000 0.3547304 20.1577702 -0.0000000 0.6200000 0.0000000 22.8114117 -0.3547304 -0.0000000 -0.5084942 18.2258689 0.0000000 0.0000000 0.0000000 1.0000000</matrix>
                <instance_node url="#ID11" />
            </node>
            <node id="ID80" name="instance_40">
                <matrix>-0.5084942 -0.0000000 0.3547304 12.6105262 -0.0000000 0.6200000 0.0000000 22.8114117 -0.3547304 -0.0000000 -0.5084942 29.0959476 0.0000000 0.0000000 0.0000000 1.0000000</matrix>
                <instance_node url="#ID11" />
            </node>
        </node>
        <node id="ID82" name="Component_7">
            <instance_geometry url="#ID83">
                <bind_material>
                    <technique_common>
                        <instance_material symbol="Material2" target="#ID48">
                            <bind_vertex_input semantic="UVSET0" input_semantic="TEXCOORD" input_set="0" />
                        </instance_material>
                    </technique_common>
                </bind_material>
            </instance_geometry>
        </node>
        <node id="ID97" name="Component_12">
            <node id="ID98" name="instance_48">
                <matrix>0.8549383 0.0219371 -0.5182656 27.5066114 0.2108568 0.8981426 0.3858489 24.4052410 0.4739408 -0.4391568 0.7632309 10.2004689 0.0000000 0.0000000 0.0000000 1.0000000</matrix>
                <instance_node url="#ID9" />
            </node>
            <node id="ID99" name="instance_49">
                <matrix>0.0734987 0.8520556 -0.5182656 10.1862417 -0.8690413 0.3096577 0.3858489 34.3768151 0.4892496 0.4220348 0.7632309 -2.6956399 0.0000000 0.0000000 0.0000000 1.0000000</matrix>
                <instance_node url="#ID9" />
            </node>
            <node id="ID100" name="instance_50">
                <matrix>0.8369229 0.5236284 -0.1592904 8.1562249 -0.4974482 0.8491137 0.1776268 32.2915632 0.2282660 -0.0694212 0.9711206 -0.3894303 0.0000000 0.0000000 0.0000000 1.0000000</matrix>
                <instance_node url="#ID9" />
            </node>
        </node>
        <node id="ID102" name="Component_10">
            <node id="ID103" name="instance_52">
                <matrix>1.0000000 0.0000000 0.0000000 33.2676315 0.0000000 1.0000000 0.0000000 24.1257899 0.0000000 0.0000000 1.0000000 1.8418531 0.0000000 0.0000000 0.0000000 1.0000000</matrix>
                <instance_node url="#ID9" />
            </node>
            <node id="ID104" name="instance_53">
                <matrix>0.6916548 0.6916548 -0.2079117 11.8860969 -0.7071068 0.7071068 -0.0000000 26.6438708 0.1470158 0.1470158 0.9781476 -3.2050493 0.0000000 0.0000000 0.0000000 1.0000000</matrix>
                <instance_node url="#ID9" />
            </node>
            <node id="ID105" name="instance_54">
                <matrix>0.7644424 -0.6102463 -0.2079117 36.1772570 0.6238796 0.7815205 -0.0000000 28.2554060 0.1624872 -0.1297119 0.9781476 1.9581962 0.0000000 0.0000000 0.0000000 1.0000000</matrix>
                <instance_node url="#ID9" />
            </node>
            <node id="ID106" name="instance_55">
                <matrix>0.2079117 0.0000000 0.4980728 9.1715155 -0.0000000 1.0000000 0.0000000 36.7587911 -0.9781476 -0.0000000 0.1058686 13.0182347 0.0000000 0.0000000 0.0000000 1.0000000</matrix>
                <instance_node url="#ID82" />
            </node>
        </node>
        <node id="ID109" name="Component_4">
            <instance_geometry url="#ID110">
                <bind_material>
                    <technique_common>
                        <instance_material symbol="Material2" target="#ID48">
                            <bind_vertex_input semantic="UVSET0" input_semantic="TEXCOORD" input_set="0" />
                        </instance_material>
                    </technique_common>
                </bind_material>
            </instance_geometry>
        </node>
        <node id="ID119" name="Component_11">
            <node id="ID120" name="instance_59">
                <matrix>-0.2763491 -0.9432657 -0.1840680 35.4947530 0.9160221 -0.2005807 -0.3473771 23.4932059 0.2907484 -0.2646077 0.9194825 3.3732505 0.0000000 0.0000000 0.0000000 1.0000000</matrix>
                <instance_node url="#ID9" />
            </node>
            <node id="ID121" name="instance_60">
                <matrix>0.3831289 -0.9236505 -0.0090557 36.4516581 0.9213171 0.3814213 0.0754500 15.1240665 -0.0662354 -0.0372503 0.9971085 1.0929181 0.0000000 0.0000000 0.0000000 1.0000000</matrix>
                <instance_node url="#ID9" />
            </node>
            <node id="ID122" name="instance_61">
                <matrix>0.0732642 -0.4047222 0.0854955 18.8073543 0.1382658 0.1845340 0.1930253 9.1183849 -0.3659799 -0.0113037 0.0900393 10.8628435 0.0000000 0.0000000 0.0000000 1.0000000</matrix>
                <instance_node url="#ID82" />
            </node>
            <node id="ID123" name="instance_62">
                <matrix>0.9065828 -0.3797717 -0.1840680 29.0311773 0.3014387 0.8879549 -0.3473771 5.8415366 0.2953681 0.2594409 0.9194825 -5.8656775 0.0000000 0.0000000 0.0000000 1.0000000</matrix>
                <instance_node url="#ID9" />
            </node>
        </node>
    </library_nodes>
    <library_geometries>
        <geometry id="ID14">
            <mesh>
                <source id="ID17">
                    <float_array id="ID21" count="24">0.0000000 0.0000000 27.8149606 0.7480315 0.0000000 0.0000000 0.0000000 0.0000000 0.0000000 0.3740157 0.0000000 27.8149606 0.3740157 0.0000000 27.8149606 0.0000000 0.0000000 27.8149606 0.7480315 0.0000000 0.0000000 0.0000000 0.0000000 0.0000000</float_array>
                    <technique_common>
                        <accessor count="8" source="#ID21" stride="3">
                            <param name="X" type="float" />
                            <param name="Y" type="float" />
                            <param name="Z" type="float" />
                        </accessor>
                    </technique_common>
                </source>
                <source id="ID18">
                    <float_array id="ID22" count="24">0.0000000 1.0000000 0.0000000 0.0000000 1.0000000 0.0000000 0.0000000 1.0000000 0.0000000 0.0000000 1.0000000 0.0000000 -0.0000000 -1.0000000 -0.0000000 -0.0000000 -1.0000000 -0.0000000 -0.0000000 -1.0000000 -0.0000000 -0.0000000 -1.0000000 -0.0000000</float_array>
                    <technique_common>
                        <accessor count="8" source="#ID22" stride="3">
                            <param name="X" type="float" />
                            <param name="Y" type="float" />
                            <param name="Z" type="float" />
                        </accessor>
                    </technique_common>
                </source>
                <source id="ID19">
                    <Name_array id="ID23" count="0" />
                    <technique_common>
                        <accessor count="0" source="#ID23" stride="1">
                            <param name="skp_material" type="Name" />
                        </accessor>
                    </technique_common>
                </source>
                <vertices id="ID20">
                    <input semantic="POSITION" source="#ID17" />
                    <input semantic="NORMAL" source="#ID18" />
                </vertices>
                <triangles count="4" material="Material2">
                    <input offset="0" semantic="VERTEX" source="#ID20" />
                    <p>0 1 2 1 0 3 4 5 6 7 6 5</p>
                </triangles>
            </mesh>
        </geometry>
        <geometry id="ID28">
            <mesh>
                <source id="ID29">
                    <float_array id="ID33" count="282">14.8100067 0.0000000 3.3617312 6.2568090 0.0000000 0.0661811 8.3448693 0.0000000 0.0000000 8.3448693 0.0000000 1.9895960 14.8100067 0.0000000 5.8315746 6.2568090 0.0000000 2.1445121 8.3448693 0.0000000 4.2536191 6.2568090 0.0000000 4.2055149 8.3448693 0.0000000 6.8606760 6.2568090 0.0000000 6.6345539 14.8100067 0.0000000 8.5758450 14.8100067 0.0000000 11.1829019 6.2568090 0.0000000 9.4316291 8.3448693 0.0000000 9.8793734 8.3448693 0.0000000 12.2806100 6.2568090 0.0000000 12.2287043 14.8100067 0.0000000 13.9271723 14.8100067 0.0000000 19.9874361 6.2568090 0.0000000 15.2466012 8.3448693 0.0000000 15.0934872 8.3448693 0.0000000 17.2202968 14.8100067 0.0000000 24.0276119 6.2568090 0.0000000 17.5284258 8.3448693 0.0000000 19.9874361 14.8100067 0.0000000 28.4362395 6.2568090 0.0000000 20.2518937 8.3448693 0.0000000 22.7317065 6.2568090 0.0000000 22.6073255 8.3448693 0.0000000 26.6557238 8.3448693 0.0000000 30.8513366 6.2568090 0.0000000 26.6557238 10.5555315 0.0000000 38.3672227 6.2568090 0.0000000 40.1033051 6.2568090 0.0000000 30.8513366 3.6054261 0.0000000 38.3672227 13.3762100 0.0000000 34.7000597 0.0000000 0.0000000 36.0060323 0.0000000 0.0000000 30.8513366 0.0000000 0.0000000 26.6557238 0.0000000 0.0000000 22.6073255 14.8100067 0.0000000 17.2202968 0.0000000 0.0000000 19.0005706 0.0000000 0.0000000 16.5715316 0.0000000 0.0000000 13.8480636 0.0000000 0.0000000 11.1982029 0.0000000 0.0000000 8.3275205 0.0000000 0.0000000 5.5306142 8.3448693 0.0000000 1.9895960 6.2568090 0.0000000 0.0661811 6.2568090 0.0000000 2.1445121 0.0000000 0.0000000 5.5306142 6.2568090 0.0000000 4.2055149 0.0000000 0.0000000 8.3275205 6.2568090 0.0000000 6.6345539 8.3448693 0.0000000 4.2536191 0.0000000 0.0000000 11.1982029 6.2568090 0.0000000 9.4316291 8.3448693 0.0000000 6.8606760 0.0000000 0.0000000 13.8480636 6.2568090 0.0000000 12.2287043 8.3448693 0.0000000 9.8793734 0.0000000 0.0000000 16.5715316 8.3448693 0.0000000 15.0934872 8.3448693 0.0000000 12.2806100 6.2568090 0.0000000 15.2466012 0.0000000 0.0000000 19.0005706 14.8100067 0.0000000 17.2202968 8.3448693 0.0000000 17.2202968 6.2568090 0.0000000 17.5284258 0.0000000 0.0000000 22.6073255 8.3448693 0.0000000 19.9874361 6.2568090 0.0000000 20.2518937 0.0000000 0.0000000 26.6557238 6.2568090 0.0000000 22.6073255 0.0000000 0.0000000 30.8513366 8.3448693 0.0000000 26.6557238 8.3448693 0.0000000 22.7317065 6.2568090 0.0000000 26.6557238 0.0000000 0.0000000 36.0060323 13.3762100 0.0000000 34.7000597 8.3448693 0.0000000 30.8513366 6.2568090 0.0000000 30.8513366 3.6054261 0.0000000 38.3672227 6.2568090 0.0000000 40.1033051 10.5555315 0.0000000 38.3672227 14.8100067 0.0000000 28.4362395 14.8100067 0.0000000 24.0276119 14.8100067 0.0000000 19.9874361 14.8100067 0.0000000 13.9271723 14.8100067 0.0000000 11.1829019 14.8100067 0.0000000 8.5758450 14.8100067 0.0000000 5.8315746 14.8100067 0.0000000 3.3617312 8.3448693 0.0000000 0.0000000</float_array>
                    <technique_common>
                        <accessor count="94" source="#ID33" stride="3">
                            <param name="X" type="float" />
                            <param name="Y" type="float" />
                            <param name="Z" type="float" />
                        </accessor>
                    </technique_common>
                </source>
                <source id="ID30">
                    <float_array id="ID34" count="282">-0.0000000 -1.0000000 -0.0000000 -0.0000000 -1.0000000 -0.0000000 -0.0000000 -1.0000000 -0.0000000 -0.0000000 -1.0000000 -0.0000000 -0.0000000 -1.0000000 -0.0000000 -0.0000000 -1.0000000 -0.0000000 -0.0000000 -1.0000000 -0.0000000 -0.0000000 -1.0000000 -0.0000000 -0.0000000 -1.0000000 -0.0000000 -0.0000000 -1.0000000 -0.0000000 -0.0000000 -1.0000000 -0.0000000 -0.0000000 -1.0000000 -0.0000000 -0.0000000 -1.0000000 -0.0000000 -0.0000000 -1.0000000 -0.0000000 -0.0000000 -1.0000000 -0.0000000 -0.0000000 -1.0000000 -0.0000000 -0.0000000 -1.0000000 -0.0000000 -0.0000000 -1.0000000 -0.0000000 -0.0000000 -1.0000000 -0.0000000 -0.0000000 -1.0000000 -0.0000000 -0.0000000 -1.0000000 -0.0000000 -0.0000000 -1.0000000 -0.0000000 -0.0000000 -1.0000000 -0.0000000 -0.0000000 -1.0000000 -0.0000000 -0.0000000 -1.0000000 -0.0000000 -0.0000000 -1.0000000 -0.0000000 -0.0000000 -1.0000000 -0.0000000 -0.0000000 -1.0000000 -0.0000000 -0.0000000 -1.0000000 -0.0000000 -0.0000000 -1.0000000 -0.0000000 -0.0000000 -1.0000000 -0.0000000 -0.0000000 -1.0000000 -0.0000000 -0.0000000 -1.0000000 -0.0000000 -0.0000000 -1.0000000 -0.0000000 -0.0000000 -1.0000000 -0.0000000 -0.0000000 -1.0000000 -0.0000000 -0.0000000 -1.0000000 -0.0000000 -0.0000000 -1.0000000 -0.0000000 -0.0000000 -1.0000000 -0.0000000 -0.0000000 -1.0000000 -0.0000000 -0.0000000 -1.0000000 -0.0000000 -0.0000000 -1.0000000 -0.0000000 -0.0000000 -1.0000000 -0.0000000 -0.0000000 -1.0000000 -0.0000000 -0.0000000 -1.0000000 -0.0000000 -0.0000000 -1.0000000 -0.0000000 -0.0000000 -1.0000000 -0.0000000 0.0000000 1.0000000 0.0000000 0.0000000 1.0000000 0.0000000 0.0000000 1.0000000 0.0000000 0.0000000 1.0000000 0.0000000 0.0000000 1.0000000 0.0000000 0.0000000 1.0000000 0.0000000 0.0000000 1.0000000 0.0000000 0.0000000 1.0000000 0.0000000 0.0000000 1.0000000 0.0000000 0.0000000 1.0000000 0.0000000 0.0000000 1.0000000 0.0000000 0.0000000 1.0000000 0.0000000 0.0000000 1.0000000 0.0000000 0.0000000 1.0000000 0.0000000 0.0000000 1.0000000 0.0000000 0.0000000 1.0000000 0.0000000 0.0000000 1.0000000 0.0000000 0.0000000 1.0000000 0.0000000 0.0000000 1.0000000 0.0000000 0.0000000 1.0000000 0.0000000 0.0000000 1.0000000 0.0000000 0.0000000 1.0000000 0.0000000 0.0000000 1.0000000 0.0000000 0.0000000 1.0000000 0.0000000 0.0000000 1.0000000 0.0000000 0.0000000 1.0000000 0.0000000 0.0000000 1.0000000 0.0000000 0.0000000 1.0000000 0.0000000 0.0000000 1.0000000 0.0000000 0.0000000 1.0000000 0.0000000 0.0000000 1.0000000 0.0000000 0.0000000 1.0000000 0.0000000 0.0000000 1.0000000 0.0000000 0.0000000 1.0000000 0.0000000 0.0000000 1.0000000 0.0000000 0.0000000 1.0000000 0.0000000 0.0000000 1.0000000 0.0000000 0.0000000 1.0000000 0.0000000 0.0000000 1.0000000 0.0000000 0.0000000 1.0000000 0.0000000 0.0000000 1.0000000 0.0000000 0.0000000 1.0000000 0.0000000 0.0000000 1.0000000 0.0000000 0.0000000 1.0000000 0.0000000 0.0000000 1.0000000 0.0000000 0.0000000 1.0000000 0.0000000 0.0000000 1.0000000 0.0000000</float_array>
                    <technique_common>
                        <accessor count="94" source="#ID34" stride="3">
                            <param name="X" type="float" />
                            <param name="Y" type="float" />
                            <param name="Z" type="float" />
                        </accessor>
                    </technique_common>
                </source>
                <source id="ID31">
                    <Name_array id="ID35" count="0" />
                    <technique_common>
                        <accessor count="0" source="#ID35" stride="1">
                            <param name="skp_material" type="Name" />
                        </accessor>
                    </technique_common>
                </source>
                <vertices id="ID32">
                    <input semantic="POSITION" source="#ID29" />
                    <input semantic="NORMAL" source="#ID30" />
                </vertices>
                <triangles count="90" material="Material2">
                    <input offset="0" semantic="VERTEX" source="#ID32" />
                    <p>0 1 2 1 0 3 4 5 3 5 4 6 5 6 7 6 8 9 8 6 10 11 12 8 12 11 13 13 14 15 14 13 16 17 18 19 18 17 20 21 22 20 22 21 23 24 25 23 25 24 26 25 26 27 28 29 30 29 28 31 32 33 29 30 33 34 33 30 29 35 28 26 26 36 27 36 26 30 30 26 28 37 25 27 22 25 38 25 22 23 18 22 39 22 18 20 40 19 14 14 41 15 41 14 18 18 14 19 13 42 12 42 13 15 8 43 9 43 8 12 6 44 7 44 6 9 45 5 7 1 5 46 5 1 3 47 48 49 50 49 48 51 49 52 53 54 55 51 55 54 56 57 58 53 58 57 59 60 61 56 61 60 62 63 64 64 63 65 59 65 63 63 62 66 67 64 68 69 68 64 70 68 71 72 71 68 73 71 74 75 76 77 77 76 78 73 78 76 76 75 79 80 77 81 82 81 77 80 81 83 84 75 80 77 80 75 73 76 71 76 85 71 70 71 85 70 86 68 67 68 86 67 87 64 62 64 87 88 60 63 59 63 60 60 89 56 57 56 89 90 54 57 53 57 54 51 54 49 54 91 49 47 49 91 47 92 48 93 48 92</p>
                </triangles>
            </mesh>
        </geometry>
        <geometry id="ID47">
            <mesh>
                <source id="ID50">
                    <float_array id="ID54" count="24">30.9921260 0.4724409 0.0000000 0.0000000 0.9448819 0.0000000 0.0000000 0.0000000 0.0000000 30.9921260 0.9448819 0.0000000 30.9921260 0.9448819 0.0000000 30.9921260 0.4724409 0.0000000 0.0000000 0.9448819 0.0000000 0.0000000 0.0000000 0.0000000</float_array>
                    <technique_common>
                        <accessor count="8" source="#ID54" stride="3">
                            <param name="X" type="float" />
